251,3
251,2
251,1
251,0
250,4
250,3
250,2
250,1
250,0
249,3
249,2
249,1
249,0
248,3
248,2
248,1
248,0
247,4
247,3
247,2
247,1
247,0
246,4
246,3
246,2
246,1
246,0
245,6
245,5
245,4
245,3
245,2
245,1
245,0
244,9
244,8
244,7
244,6
244,5
244,4
244,3
244,2
244,1
244,0
243,4
243,3
243,2
243,1
243,0
242,5
242,4
242,3
242,2
242,1
242,0
4,3
2,66
2,65
2,64
2,36
2,35
2,34
2,33
2,32
2,31
2,30
2,29
2,28
2,27
2,26
2,25
2,24
2,22
2,21
2,20
2,19
2,17
2,16
2,15
2,14
2,13
2,12
2,11
2,10
2,9
2,8
2,7
2,5
2,4
2,3
1,5
1,4
1,3
0,513
0,499
0,497
0,480
0,469
0,465
0,460
0,456
0,455
0,454
0,453
0,1
0,481
0,457
0,449
0,441
0,300
0,556
0,299
0,555
0,298
0,459
0,297
0,418
0,296
0,554
0,295
0,553
0,294
0,568
0,293
0,527
0,292
0,327
0,291
0,371
0,290
0,458
0,289
0,430
0,288
0,322
0,287
0,467
0,286
0,375
0,285
0,446
0,284
0,552
0,283
0,479
0,282
0,551
0,281
0,550
0,280
0,489
0,279
0,549
0,278
0,525
0,277
0,488
0,276
0,470
0,275
0,548
0,274
0,347
0,273
0,427
0,272
0,567
0,271
0,450
0,270
0,461
0,269
0,547
252,0
252,1
252,3
252,4
253,0
253,1
253,3
253,5
254,0
254,2
254,3
255,0
255,2
255,3
255,5
256,0
256,2
256,3
256,5
257,1
257,2
257,4
257,5
257,7
257,9
257,10
257,12
258,0
258,2
258,3
258,5
259,0
259,1
259,3
260,0
260,2
261,0
261,1
261,3
261,4
262,1
262,2
263,0
263,2
263,3
264,1
264,2
264,4
264,6
264,7
264,9
264,10
264,12
265,0
265,1
265,3
265,4
266,1
266,2
266,4
267,0
267,1
267,3
267,4
267,6
267,8
267,9
268,1
268,2
269,0
269,1
269,3
269,5
270,0
270,2
270,3
271,1
271,3
272,0
272,2
272,3
273,1
273,2
274,0
274,2
274,3
275,1
275,2
276,0
276,2
276,3
277,1
277,2
277,4
277,6
277,7
277,9
278,0
278,2
278,3
278,5
279,1
279,2
279,4
280,0
280,2
280,4
280,5
281,1
281,2
282,0
282,1
282,3
283,1
283,2
283,4
284,0
284,2
284,4
285,0
285,2
285,3
286,0
286,1
286,3
287,1
287,2
287,4
288,0
288,2
289,0
289,1
289,3
289,4
290,1
290,2
290,4
290,6
290,7
290,9
291,0
291,2
291,4
291,5
292,0
292,1
292,3
293,1
293,2
294,0
294,1
294,3
294,4
294,6
295,1
295,2
296,0
296,1
296,3
296,5
296,6
297,0
297,1
297,3
298,0
298,2
299,0
299,1
299,3
299,4
300,1
300,3
300,4
301,0
301,1
301,3
301,4
302,0
302,2
302,3
303,0
303,1
303,3
304,0
304,1
304,3
305,0
305,2
305,4
306,0
306,2
306,3
306,5
306,6
306,8
307,0
307,1
307,3
307,4
308,0
308,2
308,3
308,5
309,0
309,2
309,3
310,0
310,2
310,3
311,1
311,2
311,4
311,6
311,7
311,9
312,0
312,2
312,3
312,5
313,1
313,2
313,4
314,0
314,2
315,0
315,1
315,3
316,0
316,2
316,3
317,1
317,3
317,4
317,6
317,7
318,1
318,3
318,4
318,6
319,0
319,2
320,0
320,1
320,3
320,4
321,1
321,2
322,0
322,2
322,3
323,0
323,1
323,3
324,0
324,1
324,3
324,4
325,0
325,1
325,3
326,0
326,1
326,3
326,4
327,1
327,3
328,0
328,2
328,3
329,1
329,2
329,4
330,1
330,2
331,0
331,1
331,3
332,1
332,2
332,4
333,0
333,2
333,4
334,0
334,2
334,3
334,5
334,6
335,1
335,3
335,4
335,6
335,7
335,9
335,11
335,12
335,14
335,15
335,17
336,0
336,2
336,4
337,0
337,2
337,3
337,5
338,0
338,1
338,3
338,4
339,0
339,1
339,3
339,5
339,6
340,1
340,2
340,4
341,1
341,2
341,4
341,5
343,1
343,3
344,0
344,2
344,3
345,1
345,2
345,4
346,0
346,1
346,3
346,4
346,6
347,0
347,1
347,3
347,4
348,1
348,2
349,0
349,2
349,3
350,1
350,2
350,4
351,1
351,2
352,0
352,1
352,3
352,4
352,6
353,0
353,1
353,3
354,0
354,2
354,4
355,0
355,2
355,3
355,5
356,0
356,2
356,4
356,5
357,1
357,2
358,0
358,2
358,3
359,1
359,2
360,0
360,2
360,3
361,0
361,1
361,3
362,0
362,2
363,0
363,1
363,3
363,4
364,1
364,3
364,4
365,1
365,2
366,0
366,1
366,3
366,5
366,6
367,1
367,2
367,4
368,0
368,1
368,3
368,4
368,6
368,7
369,0
369,2
369,3
369,5
370,0
370,2
370,4
370,5
371,0
371,1
371,3
372,0
372,1
372,3
372,4
373,0
373,1
373,3
374,0
374,1
374,3
375,0
375,2
376,0
376,1
376,3
376,4
377,1
377,2
377,4
378,0
378,1
378,3
379,0
379,2
380,0
380,1
380,3
381,0
381,2
381,3
381,5
382,1
382,2
383,0
383,1
383,3
384,0
384,1
384,3
385,0
385,2
385,3
385,5
385,7
385,8
385,10
385,11
385,13
385,15
385,16
386,1
386,2
386,4
387,1
387,2
387,4
387,5
388,1
388,2
388,4
389,1
389,2
390,0
390,1
390,3
390,5
390,6
390,8
390,9
390,11
391,0
391,2
392,0
392,1
392,3
392,4
392,6
392,8
393,0
393,2
393,3
394,0
394,1
394,3
395,0
395,1
395,3
395,4
396,1
396,3
397,0
397,2
397,3
398,1
398,3
399,0
399,2
399,3
400,1
400,2
400,4
401,0
401,1
401,3
401,4
402,1
402,3
402,4
402,6
403,0
403,2
403,3
403,5
404,1
404,2
404,4
404,5
405,1
405,3
406,0
406,2
406,3
407,1
407,2
408,0
408,2
408,3
409,1
409,2
409,4
410,1
410,2
410,4
411,0
411,2
411,3
412,1
412,3
413,0
413,2
413,3
414,1
414,3
415,0
415,2
415,3
416,0
416,2
416,3
417,1
417,2
417,4
418,0
418,2
419,0
419,1
419,3
419,4
419,6
419,8
419,9
420,0
420,1
420,3
420,4
420,6
421,1
421,2
421,4
422,0
422,2
423,0
423,1
423,3
423,4
424,1
424,2
424,4
424,6
425,0
425,2
425,3
426,1
426,3
427,0
427,2
427,3
427,5
427,7
427,8
427,10
427,11
427,13
428,0
428,2
428,4
429,0
429,2
429,3
430,0
430,2
430,3
431,0
431,1
431,3
432,0
432,2
432,4
432,5
432,7
432,8
433,1
433,3
433,4
433,6
434,0
434,2
434,3
434,5
434,7
434,8
435,1
435,2
435,4
436,0
436,1
436,3
437,0
437,2
438,0
438,1
438,3
439,0
439,2
439,3
440,1
440,3
440,4
441,1
441,2
442,0
442,2
442,3
443,1
443,2
443,4
444,0
444,2
444,4
444,5
445,0
445,1
445,3
445,5
445,6
446,1
446,2
446,4
446,5
447,0
447,2
447,3
447,5
448,0
448,2
449,0
449,1
449,3
450,0
450,2
450,3
451,1
451,3
451,4
452,0
452,1
452,3
453,0
453,1
453,3
453,4
454,0
454,2
454,3
455,0
455,1
455,3
456,0
456,2
457,0
457,1
457,3
457,4
457,6
458,1
458,2
459,0
459,1
459,3
459,4
460,1
460,3
460,4
461,0
461,1
461,3
461,5
462,0
462,2
462,3
463,1
463,2
463,4
464,0
464,1
464,3
464,4
465,1
465,3
465,4
466,0
466,1
466,3
467,1
467,2
467,4
468,0
468,2
468,3
469,0
469,2
469,3
469,5
469,6
470,0
470,2
470,3
471,1
471,2
471,4
475,0
475,2
476,0
476,1
476,3
477,0
477,2
478,0
478,1
478,3
479,0
479,2
479,3
480,1
480,3
480,4
481,1
481,2
481,4
481,6
482,0
482,2
482,3
483,1
483,2
483,4
484,1
484,2
485,0
485,1
485,3
486,0
486,1
486,3
486,4
487,1
487,3
488,0
488,2
488,3
489,1
489,2
490,0
490,2
490,3
491,1
491,2
492,0
492,2
492,3
509,1
509,2
510,0
510,1
510,3
511,1
511,2
512,0
512,1
512,3
513,1
513,2
514,0
514,1
514,3
515,0
515,2
515,4
516,0
516,2
516,3
517,0
517,2
517,3
519,1
519,2
520,0
520,2
520,3
520,5
520,6
521,0
521,1
521,3
521,5
521,6
522,0
522,1
522,3
523,1
523,2
524,0
524,1
524,3
525,0
525,2
526,0
526,1
526,3
527,0
527,2
528,0
528,1
528,3
529,0
529,2
529,3
530,1
530,3
530,4
532,1
532,2
533,0
533,2
533,3
534,1
534,2
534,4
537,0
537,2
539,0
539,1
539,3
539,4
542,1
542,3
543,0
543,2
543,3
543,5
545,1
545,2
546,0
546,1
546,3
547,0
547,2
548,0
548,1
548,3
549,0
549,2
550,0
550,1
550,3
552,0
552,2
552,3
552,5
553,0
553,1
553,3
553,4
553,2
552,6
552,4
552,1
550,2
549,3
549,1
548,2
547,3
547,1
546,2
545,3
545,0
543,4
543,1
542,2
542,0
539,2
537,3
537,1
534,3
534,0
533,1
532,3
532,0
530,2
530,0
529,1
528,2
527,3
527,1
526,2
525,3
525,1
524,2
523,3
523,0
522,2
521,7
521,4
521,2
520,7
520,4
520,1
519,3
519,0
517,1
516,4
516,1
515,3
515,1
514,2
513,3
513,0
512,2
511,3
511,0
510,2
509,3
509,0
492,1
491,3
491,0
490,1
489,3
489,0
488,1
487,2
487,0
486,2
485,4
485,2
484,3
484,0
483,3
483,0
482,1
481,5
481,3
481,0
480,2
480,0
479,1
478,2
477,3
477,1
476,2
475,3
475,1
471,3
471,0
470,1
469,7
469,4
469,1
468,4
468,1
467,3
467,0
466,2
465,5
465,2
465,0
464,2
463,5
463,3
463,0
462,1
461,4
461,2
460,5
460,2
460,0
459,2
458,3
458,0
457,5
457,2
456,3
456,1
455,2
454,4
454,1
453,5
453,2
452,4
452,2
451,5
451,2
451,0
450,1
449,2
448,3
448,1
447,4
447,1
446,6
446,3
446,0
445,4
445,2
444,6
444,3
444,1
443,3
443,0
442,1
441,3
441,0
440,2
440,0
439,1
438,2
437,3
437,1
436,2
435,5
435,3
435,0
434,6
434,4
434,1
433,5
433,2
433,0
432,6
432,3
432,1
431,2
430,4
430,1
429,4
429,1
428,3
428,1
427,12
427,9
427,6
427,4
427,1
426,2
426,0
425,1
424,5
424,3
424,0
423,2
422,3
422,1
421,3
421,0
420,5
420,2
419,10
419,7
419,5
419,2
418,3
418,1
417,3
417,0
416,1
415,4
415,1
414,2
414,0
413,1
412,2
412,0
411,1
410,3
410,0
409,3
409,0
408,1
407,3
407,0
406,1
405,2
405,0
404,3
404,0
403,4
403,1
402,5
402,2
402,0
401,2
400,5
400,3
400,0
399,1
398,2
398,0
397,1
396,2
396,0
395,2
394,4
394,2
393,4
393,1
392,7
392,5
392,2
391,3
391,1
390,10
390,7
390,4
390,2
389,3
389,0
388,3
388,0
387,3
387,0
386,3
386,0
385,14
385,12
385,9
385,6
385,4
385,1
384,2
383,4
383,2
382,3
382,0
381,4
381,1
380,2
379,3
379,1
378,2
377,5
377,3
377,0
376,2
375,3
375,1
374,2
373,4
373,2
372,5
372,2
371,4
371,2
370,6
370,3
370,1
369,4
369,1
368,8
368,5
368,2
367,5
367,3
367,0
366,4
366,2
365,3
365,0
364,2
364,0
363,2
362,3
362,1
361,2
360,4
360,1
359,3
359,0
358,1
357,3
357,0
356,3
356,1
355,4
355,1
354,3
354,1
353,2
352,7
352,5
352,2
351,3
351,0
350,3
350,0
349,1
348,3
348,0
347,2
346,7
346,5
346,2
345,5
345,3
345,0
344,1
343,2
343,0
341,3
341,0
340,3
340,0
339,4
339,2
338,5
338,2
337,6
337,4
337,1
336,3
336,1
335,16
335,13
335,10
335,8
335,5
335,2
335,0
334,4
334,1
333,3
333,1
332,3
332,0
331,2
330,3
330,0
329,3
329,0
328,1
327,2
327,0
326,2
325,4
325,2
324,5
324,2
323,4
323,2
322,4
322,1
321,3
321,0
320,2
319,3
319,1
318,5
318,2
318,0
317,5
317,2
317,0
316,1
315,2
314,3
314,1
313,3
313,0
312,4
312,1
311,8
311,5
311,3
311,0
310,1
309,4
309,1
308,4
308,1
307,5
307,2
306,9
306,7
306,4
306,1
305,3
305,1
304,2
303,4
303,2
302,4
302,1
301,5
301,2
300,5
300,2
300,0
299,2
298,3
298,1
297,2
296,7
296,4
296,2
295,3
295,0
294,5
294,2
293,3
293,0
292,2
291,6
291,3
291,1
290,8
290,5
290,3
290,0
289,2
288,3
288,1
287,3
287,0
286,2
285,4
285,1
284,3
284,1
283,3
283,0
282,2
281,3
281,0
280,3
280,1
279,3
279,0
278,4
278,1
277,8
277,5
277,3
277,0
276,1
275,3
275,0
274,1
273,3
273,0
272,1
271,2
271,0
270,1
269,4
269,2
268,3
268,0
267,7
267,5
267,2
266,5
266,3
266,0
265,2
264,13
264,11
264,8
264,5
264,3
264,0
263,1
262,3
262,0
261,2
260,3
260,1
259,2
258,6
258,4
258,1
257,11
257,8
257,6
257,3
257,0
256,4
256,1
255,4
255,1
254,4
254,1
253,4
253,2
252,5
252,2
0,268
0,374
0,267
0,474
0,266
0,546
0,265
0,442
0,264
0,381
0,263
0,528
0,262
0,526
0,261
0,574
0,260
0,473
0,259
0,524
0,258
0,566
0,257
0,507
0,256
0,521
0,255
0,478
0,254
0,471
0,253
0,477
0,252
0,565
0,251
0,468
0,250
0,472
0,249
0,564
0,248
0,318
0,247
0,523
0,246
0,520
0,245
0,439
0,244
0,563
0,242
0,466
0,241
0,443
0,240
0,522
0,239
0,575
0,238
0,514
0,237
0,339
0,236
0,517
0,235
0,464
0,234
0,545
0,233
0,379
0,232
0,571
0,231
0,544
0,230
0,334
0,229
0,475
0,228
0,543
0,227
0,492
0,226
0,570
0,225
0,542
0,224
0,487
0,223
0,541
0,222
0,515
0,221
0,540
0,220
0,485
0,219
0,539
0,218
0,538
0,217
0,335
0,216
0,409
0,215
0,573
0,214
0,537
0,213
0,343
0,212
0,536
0,211
0,476
0,210
0,569
0,209
0,359
0,208
0,562
0,207
0,484
0,206
0,483
0,205
0,561
0,204
0,434
0,203
0,535
0,202
0,355
0,201
0,354
0,200
0,317
0,199
0,342
0,198
0,534
0,197
0,533
0,196
0,405
0,195
0,572
0,194
0,532
0,193
0,313
0,192
0,463
0,63
0,367
0,62
0,382
0,61
0,301
0,60
0,486
0,59
0,560
0,58
0,482
0,57
0,56
0,384
0,55
0,559
0,54
0,519
0,53
0,518
0,52
0,516
0,51
0,531
0,50
0,558
0,49
0,530
0,48
0,529
0,47
0,331
0,46
0,557
0,45
0,462
0,6
0,5
0,304
0,303
0,306
0,305
0,302
0,447
0,12
0,452
0,10
0,448
0,8
0,451
0,11
0,4
0,2
0,3
0,7
